central_meridian:  111.000000000000000
datum:  WGE
elevation_lookup_flag:  1
false_easting_northing:  ( 500000.000000000000000, 0.000000000000000 )
false_easting_northing_units:  meters
origin_latitude:  0.000000000000000
pixel_scale_units:  meters
pixel_scale_xy:  ( 30.000000000000000, 30.000000000000000 )
scale_factor:  1.000000000000000
type:  rspfTransMercatorProjection
